{
  "comment": "Day-1 competition instance: 8 customers x 2 vehicles. Planted coordinates (organizer reference): c0=(0.0,0.0); c1=(1.2,1.0); c2=(0.8,-1.3); c3=(4.6,1.6); c4=(5.4,-1.5); c5=(9.6,0.2); c6=(10.4,1.3); c7=(10.0,-1.2). West cluster {0,1,2}, bridge customers {3,4}, east cluster {5,6,7}.",
  "distances": [
    [
      0.0,
      1.56,
      1.53,
      4.87,
      5.6,
      9.6,
      10.48,
      10.07
    ],
    [
      1.56,
      0.0,
      2.33,
      3.45,
      4.89,
      8.44,
      9.2,
      9.07
    ],
    [
      1.53,
      2.33,
      0.0,
      4.78,
      4.6,
      8.93,
      9.95,
      9.2
    ],
    [
      4.87,
      3.45,
      4.78,
      0.0,
      3.2,
      5.19,
      5.81,
      6.08
    ],
    [
      5.6,
      4.89,
      4.6,
      3.2,
      0.0,
      4.53,
      5.73,
      4.61
    ],
    [
      9.6,
      8.44,
      8.93,
      5.19,
      4.53,
      0.0,
      1.36,
      1.46
    ],
    [
      10.48,
      9.2,
      9.95,
      5.81,
      5.73,
      1.36,
      0.0,
      2.53
    ],
    [
      10.07,
      9.07,
      9.2,
      6.08,
      4.61,
      1.46,
      2.53,
      0.0
    ]
  ],
  "demands": [
    4,
    3,
    4,
    3,
    3,
    4,
    3,
    4
  ],
  "capacities": [
    15.0,
    14.0
  ]
}